BUKRS;KTOPL;SAKNR;BILKT;FISC_YEAR;FIS_PERIOD;DEBITS_PER;CREDIT_PER;PER_SALES;BALANCE;CURRENCY
MUSE;MUSE;0000110000;0000110100;2017;08; 0; 0; 0; 3819471;CLP
MUSE;MUSE;0000110001;0000110100;2017;08; 0; 0; 0; 68922;CLP
MUSE;MUSE;0000110002;0000110100;2017;08; 0; 0; 0; 789059;CLP
MUSE;MUSE;0000110003;0000110100;2017;08; 0; 0; 0; 1249844;CLP
MUSE;MUSE;0000110004;0000110100;2017;08; 0; 0; 0; 630831;CLP
MUSE;MUSE;0000110005;0000110100;2017;08; 0; 0; 0; 1040000;CLP
MUSE;MUSE;0000110006;0000110100;2017;08; 0; 0; 0; 80094;CLP
MUSE;MUSE;0000110007;0000110100;2017;08; 0; 0; 0; 1263999;CLP
MUSE;MUSE;0000110008;0000110100;2017;08; 0; 0; 0; 1289867;CLP
MUSE;MUSE;0000110009;0000110100;2017;08; 0; 0; 0; 1204248;CLP
MUSE;MUSE;0000110010;0000110100;2017;08; 0; 0; 0; 856046;CLP
MUSE;MUSE;0000110011;0000110100;2017;08; 0; 0; 0; 127675;CLP
MUSE;MUSE;0000110012;0000110100;2017;08; 0; 0; 0; 0;CLP
MUSE;MUSE;0000110013;0000110100;2017;08; 0; 0; 0; 731201;CLP
MUSE;MUSE;0000110014;0000110100;2017;08; 0; 0; 0; 952080;CLP
MUSE;MUSE;0000110015;0000110100;2017;08; 0; 0; 0; 148025;CLP
MUSE;MUSE;0000110016;0000110100;2017;08; 0; 0; 0; 641060;CLP
MUSE;MUSE;0000110017;0000110100;2017;08; 0; 0; 0; 1066933;CLP
MUSE;MUSE;0000110018;0000110100;2017;08; 0; 0; 0; 0;CLP
MUSE;MUSE;0000110019;0000110100;2017;08; 0; 0; 0; 272427;CLP
MUSE;MUSE;0000110020;0000110100;2017;08; 0; 0; 0; 184692;CLP
MUSE;MUSE;0000110021;0000110100;2017;08; 0; 0; 0; 0;CLP
MUSE;MUSE;0000110022;0000110100;2017;08; 0; 0; 0; 0;CLP
MUSE;MUSE;0000110023;0000110100;2017;08; 0; 0; 0; 94861;CLP
MUSE;MUSE;0000110024;0000110100;2017;08; 0; 0; 0; 0;CLP
MUSE;MUSE;0000110025;0000110100;2017;08; 0; 0; 0; 190971;CLP
MUSE;MUSE;0000110026;0000110100;2017;08; 0; 0; 0; 0;CLP
MUSE;MUSE;0000110027;0000110100;2017;08; 0; 0; 0; 0;CLP
MUSE;MUSE;0000110028;0000110100;2017;08; 0; 0; 0; 0;CLP
MUSE;MUSE;0000110029;0000110100;2017;08; 0; 0; 0; 0;CLP
MUSE;MUSE;0000110030;0000110100;2017;08; 0; 0; 0; 15178839;CLP
MUSE;MUSE;0000110032;0000110100;2017;08; 0; 0; 0; 0;CLP
MUSE;MUSE;0000110033;0000110100;2017;08; 0; 0; 0; 0;CLP
MUSE;MUSE;0000110100;0000110100;2017;08; 0; 0; 0; 186000;CLP
MUSE;MUSE;0000110101;0000110100;2017;08; 0; 0; 0; -15200;CLP
MUSE;MUSE;0000110200;0000110100;2017;08; 0; 0; 0; 1373913;CLP
MUSE;MUSE;0000110204;0000110100;2017;08; 0; 0; 0; 300000;CLP
MUSE;MUSE;0000110205;0000110100;2017;08; 0; 0; 0; 25456873;CLP
MUSE;MUSE;0000110206;0000110100;2017;08; 0; 0; 0; 12131587;CLP
MUSE;MUSE;0000110207;0000110100;2017;08; 0; 0; 0; 9596426;CLP
MUSE;MUSE;0000111000;0000110100;2017;08; 0; 0; 0; 24662609;CLP
MUSE;MUSE;0000111001;0000110100;2017;08; 0; 0; 0; -133985045;CLP
MUSE;MUSE;0000111002;0000110100;2017;08; 0; 0; 0; -24618129;CLP
MUSE;MUSE;0000111010;0000110100;2017;08; 0; 0; 0; 279759384;CLP
MUSE;MUSE;0000111011;0000110100;2017;08; 0; 0; 0; -2534719652;CLP
MUSE;MUSE;0000111012;0000110100;2017;08; 0; 0; 0; 100000000;CLP
MUSE;MUSE;0000111020;0000110100;2017;08; 0; 0; 0; 15378597;CLP
MUSE;MUSE;0000111021;0000110100;2017;08; 0; 0; 0; -13000000;CLP
MUSE;MUSE;0000111022;0000110100;2017;08; 0; 0; 0; -10574423;CLP
MUSE;MUSE;0000111030;0000110100;2017;08; 0; 0; 0; 506748;CLP
MUSE;MUSE;0000111031;0000110100;2017;08; 0; 0; 0; 0;CLP
MUSE;MUSE;0000111032;0000110100;2017;08; 0; 0; 0; 0;CLP
MUSE;MUSE;0000111040;0000110100;2017;08; 0; 0; 0; 222562;CLP
MUSE;MUSE;0000111041;0000110100;2017;08; 0; 0; 0; 0;CLP
MUSE;MUSE;0000111042;0000110100;2017;08; 0; 0; 0; 0;CLP
MUSE;MUSE;0000111050;0000110100;2017;08; 0; 0; 0; 25630753;CLP
MUSE;MUSE;0000111051;0000110100;2017;08; 0; 0; 0; -20000000;CLP
MUSE;MUSE;0000111052;0000110100;2017;08; 0; 0; 0; 34428622;CLP
MUSE;MUSE;0000111060;0000110100;2017;08; 0; 0; 0; 3210702;CLP
MUSE;MUSE;0000111061;0000110100;2017;08; 0; 0; 0; -3000000;CLP
MUSE;MUSE;0000111062;0000110100;2017;08; 0; 0; 0; 2596368;CLP
MUSE;MUSE;0000111070;0000110100;2017;08; 0; 0; 0; -19925529;CLP
MUSE;MUSE;0000111080;0000110100;2017;08; 0; 0; 0; 482563;CLP
MUSE;MUSE;0000111090;0000110100;2017;08; 0; 0; 0; -77284662;CLP
MUSE;MUSE;0000111100;0000110100;2017;08; 0; 0; 0; -3982628;CLP
MUSE;MUSE;0000111110;0000110100;2017;08; 0; 0; 0; -62043133;CLP
MUSE;MUSE;0000111120;0000110100;2017;08; 0; 0; 0; 382922;CLP
MUSE;MUSE;0000111130;0000110100;2017;08; 0; 0; 0; 15487107;CLP
MUSE;MUSE;0000111140;0000110100;2017;08; 0; 0; 0; 7945033;CLP
MUSE;MUSE;0000111141;0000110100;2017;08; 0; 0; 0; -409922939;CLP
MUSE;MUSE;0000111142;0000110100;2017;08; 0; 0; 0; 0;CLP
MUSE;MUSE;0000111160;0000110100;2017;08; 0; 0; 0; 30661598;CLP
MUSE;MUSE;0000111170;0000110100;2017;08; 0; 0; 0; 2946748;CLP
MUSE;MUSE;0000111180;0000110100;2017;08; 0; 0; 0; 5296647;CLP
MUSE;MUSE;0000111220;0000110100;2017;08; 0; 0; 0; -981298;CLP
MUSE;MUSE;0000111230;0000110100;2017;08; 0; 0; 0; 444768;CLP
MUSE;MUSE;0000111231;0000110100;2017;08; 0; 0; 0; -300000;CLP
MUSE;MUSE;0000111232;0000110100;2017;08; 0; 0; 0; 132300;CLP
MUSE;MUSE;0000111240;0000110100;2017;08; 0; 0; 0; 525744;CLP
MUSE;MUSE;0000111241;0000110100;2017;08; 0; 0; 0; -3151946;CLP
MUSE;MUSE;0000111242;0000110100;2017;08; 0; 0; 0; 2706986;CLP
MUSE;MUSE;0000111250;0000110100;2017;08; 0; 0; 0; 187849810;CLP
MUSE;MUSE;0000111251;0000110100;2017;08; 0; 0; 0; -9944120;CLP
MUSE;MUSE;0000111252;0000110100;2017;08; 0; 0; 0; -5020801;CLP
MUSE;MUSE;0000111260;0000110100;2017;08; 0; 0; 0; 23396339;CLP
MUSE;MUSE;0000111261;0000110100;2017;08; 0; 0; 0; -17855204;CLP
MUSE;MUSE;0000111262;0000110100;2017;08; 0; 0; 0; 1958746;CLP
MUSE;MUSE;0000111270;0000110100;2017;08; 0; 0; 0; 10618308;CLP
MUSE;MUSE;0000111271;0000110100;2017;08; 0; 0; 0; -710457;CLP
MUSE;MUSE;0000111272;0000110100;2017;08; 0; 0; 0; 47588;CLP
MUSE;MUSE;0000111280;0000110100;2017;08; 0; 0; 0; -525032;CLP
MUSE;MUSE;0000111281;0000110100;2017;08; 0; 0; 0; -3057026;CLP
MUSE;MUSE;0000111282;0000110100;2017;08; 0; 0; 0; 5828135;CLP
MUSE;MUSE;0000111290;0000110100;2017;08; 0; 0; 0; 24637540;CLP
MUSE;MUSE;0000111291;0000110100;2017;08; 0; 0; 0; -2588810;CLP
MUSE;MUSE;0000111292;0000110100;2017;08; 0; 0; 0; 2417343;CLP
MUSE;MUSE;0000111300;0000110100;2017;08; 0; 0; 0; 15017526;CLP
MUSE;MUSE;0000111301;0000110100;2017;08; 0; 0; 0; -7430150;CLP
MUSE;MUSE;0000111302;0000110100;2017;08; 0; 0; 0; 11144221;CLP
MUSE;MUSE;0000111310;0000110100;2017;08; 0; 0; 0; 10635906;CLP
MUSE;MUSE;0000111311;0000110100;2017;08; 0; 0; 0; 0;CLP
MUSE;MUSE;0000111312;0000110100;2017;08; 0; 0; 0; -829577;CLP
MUSE;MUSE;0000111320;0000110100;2017;08; 0; 0; 0; 8626923;CLP
MUSE;MUSE;0000111321;0000110100;2017;08; 0; 0; 0; -93503;CLP
MUSE;MUSE;0000111322;0000110100;2017;08; 0; 0; 0; 3297729;CLP
MUSE;MUSE;0000111330;0000110100;2017;08; 0; 0; 0; 16554394;CLP
MUSE;MUSE;0000111331;0000110100;2017;08; 0; 0; 0; -2497443;CLP
MUSE;MUSE;0000111332;0000110100;2017;08; 0; 0; 0; 4532346;CLP
MUSE;MUSE;0000111350;0000110100;2017;08; 0; 0; 0; 8181888;CLP
MUSE;MUSE;0000111351;0000110100;2017;08; 0; 0; 0; -1212413;CLP
MUSE;MUSE;0000111352;0000110100;2017;08; 0; 0; 0; 2156826;CLP
MUSE;MUSE;0000111360;0000110100;2017;08; 0; 0; 0; 5936975;CLP
MUSE;MUSE;0000111361;0000110100;2017;08; 0; 0; 0; -1376689;CLP
MUSE;MUSE;0000111362;0000110100;2017;08; 0; 0; 0; 361458;CLP
MUSE;MUSE;0000111370;0000110100;2017;08; 0; 0; 0; 5798662;CLP
MUSE;MUSE;0000111371;0000110100;2017;08; 0; 0; 0; -2669866;CLP
MUSE;MUSE;0000111372;0000110100;2017;08; 0; 0; 0; -2849366;CLP
MUSE;MUSE;0000111380;0000110100;2017;08; 0; 0; 0; 2459604;CLP
MUSE;MUSE;0000111381;0000110100;2017;08; 0; 0; 0; -526620;CLP
MUSE;MUSE;0000111382;0000110100;2017;08; 0; 0; 0; 1397699;CLP
MUSE;MUSE;0000111390;0000110100;2017;08; 0; 0; 0; 9008791;CLP
MUSE;MUSE;0000111391;0000110100;2017;08; 0; 0; 0; -3861609;CLP
MUSE;MUSE;0000111392;0000110100;2017;08; 0; 0; 0; 1039494;CLP
MUSE;MUSE;0000111400;0000110100;2017;08; 0; 0; 0; 2693861;CLP
MUSE;MUSE;0000111401;0000110100;2017;08; 0; 0; 0; -4087519;CLP
MUSE;MUSE;0000111402;0000110100;2017;08; 0; 0; 0; 2292447;CLP
MUSE;MUSE;0000111410;0000110100;2017;08; 0; 0; 0; 147070;CLP
MUSE;MUSE;0000111411;0000110100;2017;08; 0; 0; 0; -21830;CLP
MUSE;MUSE;0000111412;0000110100;2017;08; 0; 0; 0; -101987;CLP
MUSE;MUSE;0000111420;0000110100;2017;08; 0; 0; 0; 0;CLP
MUSE;MUSE;0000111430;0000110100;2017;08; 0; 0; 0; 0;CLP
MUSE;MUSE;0000111440;0000110100;2017;08; 0; 0; 0; 0;CLP
MUSE;MUSE;0000111460;0000110100;2017;08; 0; 0; 0; 0;CLP
MUSE;MUSE;0000111470;0000110100;2017;08; 0; 0; 0; 183009;CLP
MUSE;MUSE;0000111471;0000110100;2017;08; 0; 0; 0; 0;CLP
MUSE;MUSE;0000111472;0000110100;2017;08; 0; 0; 0; -49153;CLP
MUSE;MUSE;0000111480;0000110100;2017;08; 0; 0; 0; 0;CLP
MUSE;MUSE;0000111490;0000110100;2017;08; 0; 0; 0; 0;CLP
MUSE;MUSE;0000111500;0000110100;2017;08; 0; 0; 0; 0;CLP
MUSE;MUSE;0000111510;0000110100;2017;08; 0; 0; 0; 0;CLP
MUSE;MUSE;0000111570;0000110100;2017;08; 0; 0; 0; 0;CLP
MUSE;MUSE;0000111770;0000110100;2017;08; 0; 0; 0; 0;CLP
MUSE;MUSE;0000111820;0000110100;2017;08; 0; 0; 0; 0;CLP
MUSE;MUSE;0000112101;0000110300;2017;08; 0; 0; 0; 26361734511;CLP
MUSE;MUSE;0000112102;0000110100;2017;08; 0; 0; 0; 12124241995;CLP
MUSE;MUSE;0000112104;0000110100;2017;08; 0; 0; 0; 25876268;CLP
MUSE;MUSE;0000112109;0000110300;2017;08; 0; 0; 0; 8782177241;CLP
MUSE;MUSE;0000112110;0000110100;2017;08; 0; 0; 0; 0;CLP
MUSE;MUSE;0000112200;0000110200;2017;08; 0; 0; 0; 34678987560;CLP
MUSE;MUSE;0000112210;0000120100;2017;08; 0; 0; 0; 0;CLP
MUSE;MUSE;0000112300;0000110300;2017;08; 0; 0; 0; 6653897103;CLP
MUSE;MUSE;0000112400;0000110500;2017;08; 0; 0; 0; -9899412;CLP
MUSE;MUSE;0000112401;0000110500;2017;08; 0; 0; 0; 3820508397;CLP
MUSE;MUSE;0000112403;0000110500;2017;08; 0; 0; 0; 3518034;CLP
MUSE;MUSE;0000112405;0000110500;2017;08; 0; 0; 0; 73821587;CLP
MUSE;MUSE;0000112408;0000110500;2017;08; 0; 0; 0; 257094059;CLP
MUSE;MUSE;0000112409;0000120300;2017;08; 0; 0; 0; 9051532322;CLP
MUSE;MUSE;0000112411;0000120300;2017;08; 0; 0; 0; 294607679;CLP
MUSE;MUSE;0000112412;0000120300;2017;08; 0; 0; 0; 492236145;CLP
MUSE;MUSE;0000112415;0000110500;2017;08; 0; 0; 0; 13499913;CLP
MUSE;MUSE;0000112416;0000110500;2017;08; 0; 0; 0; 3722192594;CLP
MUSE;MUSE;0000112417;0000110500;2017;08; 0; 0; 0; 1327137489;CLP
MUSE;MUSE;0000112418;0000110500;2017;08; 0; 0; 0; 21061263721;CLP
MUSE;MUSE;0000112420;0000110500;2017;08; 0; 0; 0; -4062094418;CLP
MUSE;MUSE;0000112421;0000110500;2017;08; 0; 0; 0; -815612832;CLP
MUSE;MUSE;0000112430;0000110500;2017;08; 0; 0; 0; -2101492000;CLP
MUSE;MUSE;0000112436;0000110500;2017;08; 0; 0; 0; 913303809;CLP
MUSE;MUSE;0000112437;0000110500;2017;08; 0; 0; 0; 939398629;CLP
MUSE;MUSE;0000112438;0000110500;2017;08; 0; 0; 0; 4039817;CLP
MUSE;MUSE;0000112440;0000110500;2017;08; 100000; 0; 100000; 100000;CLP
MUSE;MUSE;0000112500;0000110600;2017;08; 0; 0; 0; 671602518;CLP
MUSE;MUSE;0000112501;0000110600;2017;08; 0; 0; 0; 1179511919;CLP
MUSE;MUSE;0000112502;0000110600;2017;08; 0; 0; 0; -50659735;CLP
MUSE;MUSE;0000112504;0000110600;2017;08; 0; 0; 0; 51739357;CLP
MUSE;MUSE;0000112505;0000110600;2017;08; 0; 0; 0; 478524767;CLP
MUSE;MUSE;0000112601;0000110700;2017;08; 0; 0; 0; -3073465;CLP
MUSE;MUSE;0000112605;0000110700;2017;08; 0; 0; 0; 2106174902;CLP
MUSE;MUSE;0000112610;0000110700;2017;08; 0; 0; 0; 1319125727;CLP
MUSE;MUSE;0000112611;0000110700;2017;08; 0; 0; 0; 1633765156;CLP
MUSE;MUSE;0000112620;0000110700;2017;08; 26325716; -38982311; -12656595; 6495800641;CLP
MUSE;MUSE;0000112621;0000110700;2017;08; 0; 0; 0; 4200159;CLP
MUSE;MUSE;0000112622;0000110700;2017;08; 0; 0; 0; 491999913;CLP
MUSE;MUSE;0000112623;0000110700;2017;08; 0; 0; 0; 5677047445;CLP
MUSE;MUSE;0000112624;0000110700;2017;08; 0; 0; 0; 1885014917;CLP
MUSE;MUSE;0000112640;0000110700;2017;08; 100000; 0; 100000; 18198084;CLP
MUSE;MUSE;0000112642;0000110700;2017;08; 0; 0; 0; 2271896142;CLP
MUSE;MUSE;0000112643;0000110700;2017;08; 0; 0; 0; 130606392;CLP
MUSE;MUSE;0000112645;0000110700;2017;08; 0; 0; 0; 86225951;CLP
MUSE;MUSE;0000112650;0000110700;2017;08; 0; 0; 0; 291097088;CLP
MUSE;MUSE;0000112651;0000110700;2017;08; 0; 0; 0; 78854;CLP
MUSE;MUSE;0000112660;0000110700;2017;08; 0; 0; 0; 330271269;CLP
MUSE;MUSE;0000112661;0000110700;2017;08; 100000; 0; 100000; 100000;CLP
MUSE;MUSE;0000112690;0000110700;2017;08; 0; 0; 0; -8067410768;CLP
MUSE;MUSE;0000112695;0000110700;2017;08; 0; 0; 0; -3768410000;CLP
MUSE;MUSE;0000112700;0000110900;2017;08; 0; 0; 0; 8845032;CLP
MUSE;MUSE;0000112701;0000110900;2017;08; 0; 0; 0; 54906436;CLP
MUSE;MUSE;0000112702;0000110900;2017;08; 0; 0; 0; 63822576;CLP
MUSE;MUSE;0000112703;0000110900;2017;08; 0; 0; 0; 284473711;CLP
MUSE;MUSE;0000112704;0000110900;2017;08; 0; 0; 0; 2727964645;CLP
MUSE;MUSE;0000112707;0000110900;2017;08; 0; 0; 0; 248596974;CLP
MUSE;MUSE;0000112708;0000110900;2017;08; 0; 0; 0; 1130988;CLP
MUSE;MUSE;0000112710;0000110900;2017;08; 0; 0; 0; 164423705;CLP
MUSE;MUSE;0000112712;0000110600;2017;08; 0; 0; 0; 25924002;CLP
MUSE;MUSE;0000112714;0000110900;2017;08; 0; 0; 0; 7260520;CLP
MUSE;MUSE;0000112715;0000110900;2017;08; 0; 0; 0; 63029346;CLP
MUSE;MUSE;0000112716;0000110900;2017;08; 0; 0; 0; 0;CLP
MUSE;MUSE;0000112720;0000110900;2017;08; 0; 0; 0; 13364948;CLP
MUSE;MUSE;0000112752;0000110900;2017;08; 0; 0; 0; -11751007;CLP
MUSE;MUSE;0000112800;0000110800;2017;08; 0; 0; 0; 0;CLP
MUSE;MUSE;0000112801;0000110800;2017;08; 0; 0; 0; 450348273;CLP
MUSE;MUSE;0000112813;0000110800;2017;08; 0; 0; 0; 0;CLP
MUSE;MUSE;0000112815;0000110800;2017;08; 0; 0; 0; 3470661;CLP
MUSE;MUSE;0000112821;0000110800;2017;08; 0; 0; 0; 0;CLP
MUSE;MUSE;0000112900;0000111000;2017;08; 113193; 0; 113193; 1130430496;CLP
MUSE;MUSE;0000112901;0000111000;2017;08; 0; 0; 0; 820057484;CLP
MUSE;MUSE;0000112902;0000111000;2017;08; 0; 0; 0; 6616727;CLP
MUSE;MUSE;0000112903;0000111000;2017;08; 0; 0; 0; 3042;CLP
MUSE;MUSE;0000112904;0000111000;2017;08; 0; 0; 0; 618014;CLP
MUSE;MUSE;0000112906;0000111000;2017;08; 0; 0; 0; 42195115;CLP
MUSE;MUSE;0000112907;0000111000;2017;08; 0; 0; 0; 141692996;CLP
MUSE;MUSE;0000112910;0000111000;2017;08; 0; 0; 0; 875115;CLP
MUSE;MUSE;0000113100;0000111300;2017;08; 0; 0; 0; 0;CLP
MUSE;MUSE;0000113101;0000111300;2017;08; 0; 0; 0; 792625575;CLP
MUSE;MUSE;0000113102;0000111300;2017;08; 0; 0; 0; 1321800000;CLP
MUSE;MUSE;0000113104;0000111400;2017;08; 0; 0; 0; 117280096;CLP
MUSE;MUSE;0000113105;0000999991;2017;08; 0; 0; 0; 0;CLP
MUSE;MUSE;0000113107;0000999991;2017;08; 0; 0; 0; 0;CLP
MUSE;MUSE;0000113109;0000999991;2017;08; 0; 0; 0; 0;CLP
MUSE;MUSE;0000113110;0000111300;2017;08; 0; 0; 0; 0;CLP
MUSE;MUSE;0000113115;0000999991;2017;08; 0; 0; 0; 0;CLP
MUSE;MUSE;0000113118;0000999991;2017;08; 0; 0; 0; 0;CLP
MUSE;MUSE;0000113119;0000999991;2017;08; 0; 0; 0; 0;CLP
MUSE;MUSE;0000113123;0000999991;2017;08; 0; 0; 0; 0;CLP
MUSE;MUSE;0000113127;0000999991;2017;08; 0; 0; 0; 0;CLP
MUSE;MUSE;0000113130;0000999991;2017;08; 0; 0; 0; 0;CLP
MUSE;MUSE;0000113140;0000111300;2017;08; 0; 0; 0; 10623232;CLP
MUSE;MUSE;0000113200;0000111200;2017;08; 0; 0; 0; 347901638;CLP
MUSE;MUSE;0000113201;0000111200;2017;08; 0; 0; 0; 17723348;CLP
MUSE;MUSE;0000113204;0000111200;2017;08; 0; 0; 0; 68613220;CLP
MUSE;MUSE;0000113205;0000111400;2017;08; 0; 0; 0; 3595637811;CLP
MUSE;MUSE;0000113210;0000111200;2017;08; 0; 0; 0; 268315065;CLP
MUSE;MUSE;0000113211;0000111200;2017;08; 0; 0; 0; 0;CLP
MUSE;MUSE;0000113310;0000113000;2017;08; 0; 0; 0; 0;CLP
MUSE;MUSE;0000113400;0000121100;2017;08; 0; 0; 0; 25300618256;CLP
MUSE;MUSE;0000113401;0000121100;2017;08; 0; 0; 0; 13874462663;CLP
MUSE;MUSE;0000113500;0000121100;2017;08; 0; 0; 0; 87034164042;CLP
MUSE;MUSE;0000113501;0000121100;2017;08; 0; 0; 0; 1479316381;CLP
MUSE;MUSE;0000113510;0000121100;2017;08; 0; 0; 0; 13399156266;CLP
MUSE;MUSE;0000113600;0000121100;2017;08; 0; 0; 0; 4991120575;CLP
MUSE;MUSE;0000113700;0000121100;2017;08; 0; 0; 0; 34983324796;CLP
MUSE;MUSE;0000113800;0000121100;2017;08; 0; 0; 0; 18274419533;CLP
MUSE;MUSE;0000113801;0000121100;2017;08; 0; 0; 0; 5936378;CLP
MUSE;MUSE;0000113802;0000121100;2017;08; 0; 0; 0; 499554661;CLP
MUSE;MUSE;0000113803;0000121100;2017;08; 0; 0; 0; 8938958718;CLP
MUSE;MUSE;0000113900;0000121100;2017;08; 0; 0; 0; 18588027948;CLP
MUSE;MUSE;0000113951;0000121100;2017;08; 0; 0; 0; 0;CLP
MUSE;MUSE;0000114000;0000121100;2017;08; 0; 0; 0; 1649434999;CLP
MUSE;MUSE;0000114001;0000121100;2017;08; 0; 0; 0; 5532309;CLP
MUSE;MUSE;0000114003;0000121100;2017;08; 0; 0; 0; 0;CLP
MUSE;MUSE;0000114010;0000121000;2017;08; 0; 0; 0; 13596249832;CLP
MUSE;MUSE;0000114011;0000121000;2017;08; 0; 0; 0; 1651479337;CLP
MUSE;MUSE;0000114012;0000121100;2017;08; 0; 0; 0; 0;CLP
MUSE;MUSE;0000114013;0000111400;2017;08; 0; 0; 0; 0;CLP
MUSE;MUSE;0000114100;0000121100;2017;08; 0; 0; 0; -19276692481;CLP
MUSE;MUSE;0000114101;0000121100;2017;08; 0; 0; 0; -525589388;CLP
MUSE;MUSE;0000114102;0000121100;2017;08; 0; 0; 0; -11711781324;CLP
MUSE;MUSE;0000114103;0000121100;2017;08; 0; 0; 0; -15718705710;CLP
MUSE;MUSE;0000114104;0000121100;2017;08; 0; 0; 0; -29313852376;CLP
MUSE;MUSE;0000114105;0000121100;2017;08; 0; 0; 0; -1248918274;CLP
MUSE;MUSE;0000114106;0000121100;2017;08; 0; 0; 0; -5936272;CLP
MUSE;MUSE;0000114107;0000121100;2017;08; 0; 0; 0; 0;CLP
MUSE;MUSE;0000114108;0000121100;2017;08; 0; 0; 0; -4616847172;CLP
MUSE;MUSE;0000114109;0000121100;2017;08; 0; 0; 0; -357909926;CLP
MUSE;MUSE;0000114110;0000121100;2017;08; 0; 0; 0; -7051346121;CLP
MUSE;MUSE;0000114112;0000121000;2017;08; 0; 0; 0; -8857248986;CLP
MUSE;MUSE;0000114202;0000110200;2017;08; 0; 0; 0; 198579810943;CLP
MUSE;MUSE;0000114212;0000120100;2017;08; 0; 0; 0; 0;CLP
MUSE;MUSE;0000114300;0000120800;2017;08; 0; 0; 0; 0;CLP
MUSE;MUSE;0000114301;0000120700;2017;08; 0; 0; 0; 27526451324;CLP
MUSE;MUSE;0000114400;0000121500;2017;08; 0; 0; 0; 5295862;CLP
MUSE;MUSE;0000114401;0000121500;2017;08; 0; 0; 0; 0;CLP
MUSE;MUSE;0000114501;0000121000;2017;08; 0; 0; 0; -45014480;CLP
MUSE;MUSE;0000114604;0000120300;2017;08; 0; 0; 0; 1109496560;CLP
MUSE;MUSE;0000114605;0000120300;2017;08; 0; 0; 0; 9089107;CLP
MUSE;MUSE;0000114606;0000120300;2017;08; 0; 0; 0; 3685461389;CLP
MUSE;MUSE;0000114607;0000120300;2017;08; 0; 0; 0; 493063791;CLP
MUSE;MUSE;0000114608;0000120300;2017;08; 0; 0; 0; 248402663;CLP
MUSE;MUSE;0000114609;0000110700;2017;08; 0; 0; 0; 522645125;CLP
MUSE;MUSE;0000114610;0000120300;2017;08; 0; 0; 0; -4565685854;CLP
MUSE;MUSE;0000114611;0000120300;2017;08; 0; 0; 0; 129668904;CLP
MUSE;MUSE;0000114620;0000110700;2017;08; 0; 0; 0; 64524042;CLP
MUSE;MUSE;0000114621;0000110700;2017;08; 0; 0; 0; 173139402;CLP
MUSE;MUSE;0000114622;0000110700;2017;08; 0; 0; 0; -763391952;CLP
MUSE;MUSE;0000114625;0000120300;2017;08; 0; 0; 0; -9458997907;CLP
MUSE;MUSE;0000114640;0000110700;2017;08; 0; 0; 0; 135380341;CLP
MUSE;MUSE;0000114641;0000110700;2017;08; 0; 0; 0; 133164594;CLP
MUSE;MUSE;0000114650;0000110700;2017;08; 0; 0; 0; 35112747;CLP
MUSE;MUSE;0000114651;0000110700;2017;08; 0; 0; 0; 114901896;CLP
MUSE;MUSE;0000114670;0000120300;2017;08; 0; 0; 0; 2101492000;CLP
MUSE;MUSE;0000114680;0000120400;2017;08; 0; 0; 0; 3768410000;CLP
MUSE;MUSE;0000114700;0000110800;2017;08; 0; 0; 0; 6479241;CLP
MUSE;MUSE;0000114701;0000121500;2017;08; 0; 0; 0; 0;CLP
MUSE;MUSE;0000114702;0000121000;2017;08; 0; 0; 0; 0;CLP
MUSE;MUSE;0000114703;0000121500;2017;08; 0; 0; 0; 548384483;CLP
MUSE;MUSE;0000114720;0000121000;2017;08; 0; 0; 0; 22830517;CLP
MUSE;MUSE;0000115090;0000110100;2017;08; 0; 0; 0; 0;CLP
MUSE;MUSE;0000115200;0000110100;2017;08; 0; 0; 0; 0;CLP
MUSE;MUSE;0000115210;0000110100;2017;08; 0; 0; 0; -113266;CLP
MUSE;MUSE;0000115220;0000110100;2017;08; 0; 0; 0; 4947202;CLP
MUSE;MUSE;0000115230;0000110100;2017;08; 0; 0; 0; 0;CLP
MUSE;MUSE;0000115250;0000110100;2017;08; 0; 0; 0; 42748949;CLP
MUSE;MUSE;0000200104;0000210200;2017;08; 0; 0; 0; -286063086;CLP
MUSE;MUSE;0000200106;0000210200;2017;08; 0; 0; 0; -1576453296;CLP
MUSE;MUSE;0000200120;0000210200;2017;08; 0; 0; 0; 164974229;CLP
MUSE;MUSE;0000200121;0000210200;2017;08; 0; 0; 0; 483189096;CLP
MUSE;MUSE;0000200122;0000210200;2017;08; 0; 0; 0; 587814232;CLP
MUSE;MUSE;0000200130;0000210200;2017;08; 0; 0; 0; 0;CLP
MUSE;MUSE;0000200152;0000210200;2017;08; 0; 0; 0; -286279847;CLP
MUSE;MUSE;0000200153;0000210200;2017;08; 0; 0; 0; 0;CLP
MUSE;MUSE;0000200201;0000210600;2017;08; 0; 0; 0; -4234336163;CLP
MUSE;MUSE;0000200202;0000210700;2017;08; 0; 0; 0; -2260479661;CLP
MUSE;MUSE;0000200203;0000210800;2017;08; 0; 0; 0; -487888401;CLP
MUSE;MUSE;0000200204;0000211000;2017;08; 0; 0; 0; -943709068;CLP
MUSE;MUSE;0000200206;0000210500;2017;08; 0; 0; 0; -8313933508;CLP
MUSE;MUSE;0000200300;0000210300;2017;08; 0; -616619; -616619; -3691829184;CLP
MUSE;MUSE;0000200307;0000210300;2017;08; 0; 0; 0; -59057390;CLP
MUSE;MUSE;0000200309;0000210300;2017;08; 0; 0; 0; -101439329;CLP
MUSE;MUSE;0000200311;0000210300;2017;08; 0; 0; 0; -821252117;CLP
MUSE;MUSE;0000200312;0000210300;2017;08; 0; 0; 0; -35482472;CLP
MUSE;MUSE;0000200315;0000210300;2017;08; 0; -71310; -71310; -109894468;CLP
MUSE;MUSE;0000200316;0000210300;2017;08; 0; 0; 0; -78804374;CLP
MUSE;MUSE;0000200318;0000210300;2017;08; 0; 0; 0; -69753522;CLP
MUSE;MUSE;0000200319;0000210300;2017;08; 0; 0; 0; 2124214;CLP
MUSE;MUSE;0000200321;0000210300;2017;08; 0; 0; 0; -1215132;CLP
MUSE;MUSE;0000200322;0000211600;2017;08; 0; 0; 0; -6728651;CLP
MUSE;MUSE;0000200324;0000210400;2017;08; 0; 0; 0; -25784323;CLP
MUSE;MUSE;0000200325;0000210300;2017;08; 0; 0; 0; -344756101;CLP
MUSE;MUSE;0000200326;0000210300;2017;08; 0; 0; 0; -2233044;CLP
MUSE;MUSE;0000200341;0000210300;2017;08; 0; -200000; -200000; -1210000;CLP
MUSE;MUSE;0000200350;0000210300;2017;08; 0; -113193; -113193; -381632947;CLP
MUSE;MUSE;0000200352;0000210300;2017;08; 0; 0; 0; -3188803;CLP
MUSE;MUSE;0000200353;0000210300;2017;08; 0; 0; 0; -265374677;CLP
MUSE;MUSE;0000200354;0000210300;2017;08; 0; 0; 0; 0;CLP
MUSE;MUSE;0000200355;0000210300;2017;08; 0; 0; 0; -1307098;CLP
MUSE;MUSE;0000200357;0000210300;2017;08; 0; 0; 0; 0;CLP
MUSE;MUSE;0000200370;0000210200;2017;08; 0; 0; 0; -2938353612;CLP
MUSE;MUSE;0000200371;0000210200;2017;08; 0; 0; 0; -1871911415;CLP
MUSE;MUSE;0000200372;0000210200;2017;08; 0; 0; 0; -20732894;CLP
MUSE;MUSE;0000200375;0000210300;2017;08; 0; 0; 0; -1789602698;CLP
MUSE;MUSE;0000200376;0000210300;2017;08; 0; 0; 0; -165714539;CLP
MUSE;MUSE;0000200377;0000210300;2017;08; 401190; 0; 401190; 33402744;CLP
MUSE;MUSE;0000200380;0000210300;2017;08; 0; 0; 0; 0;CLP
MUSE;MUSE;0000200381;0000210300;2017;08; 0; 0; 0; 0;CLP
MUSE;MUSE;0000200382;0000210300;2017;08; 0; 0; 0; 0;CLP
MUSE;MUSE;0000200400;0000210400;2017;08; 0; 0; 0; 0;CLP
MUSE;MUSE;0000200410;0000210400;2017;08; 0; 0; 0; -307024756;CLP
MUSE;MUSE;0000200411;0000210400;2017;08; 0; 0; 0; -88990806;CLP
MUSE;MUSE;0000200414;0000210400;2017;08; 0; 0; 0; -34494397;CLP
MUSE;MUSE;0000200420;0000210400;2017;08; 0; 0; 0; -754642051;CLP
MUSE;MUSE;0000200421;0000210400;2017;08; 0; 0; 0; -116448958;CLP
MUSE;MUSE;0000200422;0000210400;2017;08; 0; 0; 0; 9856995;CLP
MUSE;MUSE;0000200424;0000210400;2017;08; 0; 0; 0; -259410687;CLP
MUSE;MUSE;0000200425;0000210400;2017;08; 0; 0; 0; -245328;CLP
MUSE;MUSE;0000200500;0000210200;2017;08; 0; 0; 0; -1740894072;CLP
MUSE;MUSE;0000200502;0000211800;2017;08; 0; 0; 0; -5062639806;CLP
MUSE;MUSE;0000200504;0000211100;2017;08; 0; 0; 0; -123754314;CLP
MUSE;MUSE;0000200505;0000210300;2017;08; 0; 0; 0; -9570049;CLP
MUSE;MUSE;0000200506;0000210200;2017;08; 0; 0; 0; 345832664;CLP
MUSE;MUSE;0000200507;0000211100;2017;08; 0; 0; 0; -3583755202;CLP
MUSE;MUSE;0000200508;0000211100;2017;08; 0; 0; 0; -2905913453;CLP
MUSE;MUSE;0000200509;0000210400;2017;08; 0; 0; 0; -742838459;CLP
MUSE;MUSE;0000200510;0000211400;2017;08; 0; 0; 0; 349196490;CLP
MUSE;MUSE;0000200511;0000220300;2017;08; 0; 0; 0; -4692484332;CLP
MUSE;MUSE;0000200512;0000211400;2017;08; 0; 0; 0; -141430240;CLP
MUSE;MUSE;0000200513;0000220300;2017;08; 0; 0; 0; -1833591000;CLP
MUSE;MUSE;0000200520;0000211100;2017;08; 0; 0; 0; -3137413077;CLP
MUSE;MUSE;0000200521;0000211100;2017;08; 0; 0; 0; -8308922940;CLP
MUSE;MUSE;0000200525;0000210300;2017;08; 0; 0; 0; 10000000;CLP
MUSE;MUSE;0000200551;0000110300;2017;08; 0; 0; 0; 541443208;CLP
MUSE;MUSE;0000200583;0000110300;2017;08; 0; 0; 0; 219331598;CLP
MUSE;MUSE;0000200601;0000211200;2017;08; 0; 0; 0; 0;CLP
MUSE;MUSE;0000200603;0000211200;2017;08; 0; 0; 0; 0;CLP
MUSE;MUSE;0000200604;0000211200;2017;08; 0; 0; 0; 222289;CLP
MUSE;MUSE;0000200605;0000211200;2017;08; 0; 0; 0; 5021622310;CLP
MUSE;MUSE;0000200606;0000211200;2017;08; 0; 0; 0; 0;CLP
MUSE;MUSE;0000200607;0000211200;2017;08; 0; 0; 0; -56741091;CLP
MUSE;MUSE;0000200609;0000211200;2017;08; 0; 0; 0; 26828695;CLP
MUSE;MUSE;0000200610;0000211200;2017;08; 0; 0; 0; 10107345;CLP
MUSE;MUSE;0000200613;0000211200;2017;08; 0; 0; 0; 0;CLP
MUSE;MUSE;0000200614;0000211200;2017;08; 1334416; -4203267; -2868851; -39947911;CLP
MUSE;MUSE;0000200615;0000211200;2017;08; 0; 0; 0; -337123326;CLP
MUSE;MUSE;0000200616;0000211200;2017;08; 0; 0; 0; -74215952;CLP
MUSE;MUSE;0000200617;0000211200;2017;08; 0; 0; 0; -241300;CLP
MUSE;MUSE;0000200618;0000211200;2017;08; 0; 0; 0; -916193464;CLP
MUSE;MUSE;0000200619;0000211200;2017;08; 0; 0; 0; -2226543;CLP
MUSE;MUSE;0000200620;0000211200;2017;08; 0; 0; 0; -44075003;CLP
MUSE;MUSE;0000200621;0000211200;2017;08; 0; 0; 0; 1563276;CLP
MUSE;MUSE;0000200622;0000211200;2017;08; 0; 0; 0; 0;CLP
MUSE;MUSE;0000210080;0000221300;2017;08; 0; 0; 0; -86023903;CLP
MUSE;MUSE;0000210100;0000220500;2017;08; 0; 0; 0; -147868908246;CLP
MUSE;MUSE;0000210101;0000220500;2017;08; 0; 0; 0; -2377633977;CLP
MUSE;MUSE;0000210102;0000220500;2017;08; 0; 0; 0; -11119293804;CLP
MUSE;MUSE;0000210103;0000220500;2017;08; 0; 0; 0; -12008855722;CLP
MUSE;MUSE;0000210104;0000220500;2017;08; 0; 0; 0; -901450306;CLP
MUSE;MUSE;0000210105;0000220500;2017;08; 0; 0; 0; -168813534;CLP
MUSE;MUSE;0000210106;0000220500;2017;08; 0; 0; 0; -23138883895;CLP
MUSE;MUSE;0000210107;0000220600;2017;08; 0; 0; 0; -93451744;CLP
MUSE;MUSE;0000210108;0000220700;2017;08; 0; 0; 0; -232806122;CLP
MUSE;MUSE;0000210109;0000220800;2017;08; 0; 0; 0; -344280343;CLP
MUSE;MUSE;0000210110;0000220900;2017;08; 0; 0; 0; -474486468;CLP
MUSE;MUSE;0000210200;0000230100;2017;08; 0; 0; 0; -16056520125;CLP
MUSE;MUSE;0000210201;0000230100;2017;08; 0; 0; 0; -201373197776;CLP
MUSE;MUSE;0000210220;0000230100;2017;08; 0; 0; 0; 15359231049;CLP
MUSE;MUSE;0000210400;0000230200;2017;08; 0; 0; 0; -6457191897;CLP
MUSE;MUSE;0000210500;0000230300;2017;08; 0; 0; 0; -29352191713;CLP
MUSE;MUSE;0000210501;0000230300;2017;08; 0; 0; 0; -3219911264;CLP
MUSE;MUSE;0000210702;0000230100;2017;08; 0; 0; 0; 2247588;CLP
MUSE;MUSE;0000230600;0000230600;2017;08; 0; 0; 0; 0;CLP
MUSE;MUSE;0000300000;0000110900;2017;08; 0; 0; 0; 2069321866;CLP
MUSE;MUSE;0000300001;0000110900;2017;08; 0; 0; 0; 128049458;CLP
MUSE;MUSE;0000300003;0000110900;2017;08; 0; 0; 0; 25130583;CLP
MUSE;MUSE;0000300004;0000110900;2017;08; 0; 0; 0; 9161437;CLP
MUSE;MUSE;0000300005;0000110900;2017;08; 0; 0; 0; 2004714221;CLP
MUSE;MUSE;0000300100;0000110900;2017;08; 0; 0; 0; 988944582;CLP
MUSE;MUSE;0000300200;0000110900;2017;08; 0; 0; 0; 848;CLP
MUSE;MUSE;0000300300;0000110900;2017;08; 0; 0; 0; 6449;CLP
MUSE;MUSE;0000300301;0000999993;2017;08; 0; 0; 0; 1080259492;CLP
MUSE;MUSE;0000300310;0000110900;2017;08; 0; 0; 0; 405737141;CLP
MUSE;MUSE;0000310000;0000110900;2017;08; 0; 0; 0; -2069321866;CLP
MUSE;MUSE;0000310001;0000110900;2017;08; 0; 0; 0; -128049458;CLP
MUSE;MUSE;0000310003;0000110900;2017;08; 0; 0; 0; -25130583;CLP
MUSE;MUSE;0000310004;0000110900;2017;08; 0; 0; 0; -9161437;CLP
MUSE;MUSE;0000310005;0000110900;2017;08; 0; 0; 0; -2004714221;CLP
MUSE;MUSE;0000310100;0000110900;2017;08; 0; 0; 0; -988944582;CLP
MUSE;MUSE;0000310200;0000110900;2017;08; 0; 0; 0; -848;CLP
MUSE;MUSE;0000310300;0000110900;2017;08; 0; 0; 0; -6449;CLP
MUSE;MUSE;0000310301;0000999993;2017;08; 0; 0; 0; -1080259492;CLP
MUSE;MUSE;0000310310;0000110900;2017;08; 0; 0; 0; -405737141;CLP
MUSE;MUSE;0000410000;0000410100;2017;08; 0; 0; 0; -72464573150;CLP
MUSE;MUSE;0000410001;0000410100;2017;08; 0; 0; 0; -3393587870;CLP
MUSE;MUSE;0000410002;0000410100;2017;08; 0; 0; 0; -786601559;CLP
MUSE;MUSE;0000410050;0000410200;2017;08; 0; 0; 0; -51445570558;CLP
MUSE;MUSE;0000410051;0000410200;2017;08; 0; 0; 0; -4879064531;CLP
MUSE;MUSE;0000410052;0000410200;2017;08; 0; 0; 0; -971515141;CLP
MUSE;MUSE;0000410053;0000410200;2017;08; 0; 0; 0; 96072198;CLP
MUSE;MUSE;0000410054;0000410200;2017;08; 0; 0; 0; 21394446;CLP
MUSE;MUSE;0000410100;0000410300;2017;08; 0; 0; 0; -3745917193;CLP
MUSE;MUSE;0000410101;0000410300;2017;08; 0; 0; 0; -40823002;CLP
MUSE;MUSE;0000410104;0000410300;2017;08; 0; 0; 0; -162264561;CLP
MUSE;MUSE;0000410200;0000410400;2017;08; 0; 0; 0; -349;CLP
MUSE;MUSE;0000410201;0000410400;2017;08; 0; 0; 0; -757234145;CLP
MUSE;MUSE;0000410202;0000410400;2017;08; 0; 0; 0; -1514938486;CLP
MUSE;MUSE;0000410203;0000410400;2017;08; 0; 0; 0; -9125265;CLP
MUSE;MUSE;0000410300;0000410500;2017;08; 0; 0; 0; -415767086;CLP
MUSE;MUSE;0000410301;0000410500;2017;08; 0; 0; 0; -88286855;CLP
MUSE;MUSE;0000410302;0000410500;2017;08; 0; 0; 0; -2266831227;CLP
MUSE;MUSE;0000410310;0000440900;2017;08; 0; 0; 0; -333752388;CLP
MUSE;MUSE;0000410311;0000440900;2017;08; 0; 0; 0; -66030269;CLP
MUSE;MUSE;0000410312;0000440900;2017;08; 0; 0; 0; -2222390012;CLP
MUSE;MUSE;0000410340;0000410500;2017;08; 0; 0; 0; -1284;CLP
MUSE;MUSE;0000410342;0000410500;2017;08; 0; 0; 0; -12676;CLP
MUSE;MUSE;0000410343;0000410500;2017;08; 0; 0; 0; -54139368;CLP
MUSE;MUSE;0000410400;0000410700;2017;08; 0; 0; 0; -1211056740;CLP
MUSE;MUSE;0000410401;0000440600;2017;08; 0; 0; 0; -141324974;CLP
MUSE;MUSE;0000410411;0000440600;2017;08; 0; 0; 0; -136886724;CLP
MUSE;MUSE;0000410420;0000421600;2017;08; 0; 0; 0; -336909700;CLP
MUSE;MUSE;0000410421;0000421600;2017;08; 0; 0; 0; -134620394;CLP
MUSE;MUSE;0000420005;0000440200;2017;08; 0; 0; 0; -103695327;CLP
MUSE;MUSE;0000420007;0000440200;2017;08; 0; 0; 0; -315736499;CLP
MUSE;MUSE;0000420024;0000440900;2017;08; 0; 0; 0; -218145785;CLP
MUSE;MUSE;0000420027;0000440800;2017;08; 0; 0; 0; -95705491;CLP
MUSE;MUSE;0000420040;0000440200;2017;08; 0; 0; 0; -178864808;CLP
MUSE;MUSE;0000420046;0000440200;2017;08; 0; 0; 0; -208748622;CLP
MUSE;MUSE;0000420048;0000440200;2017;08; 0; 0; 0; -1483732960;CLP
MUSE;MUSE;0000420049;0000440200;2017;08; 0; 0; 0; -44053837;CLP
MUSE;MUSE;0000420060;0000440200;2017;08; 0; 0; 0; -158001445;CLP
MUSE;MUSE;0000420100;0000410600;2017;08; 0; -300000; -300000; -2087145375;CLP
MUSE;MUSE;0000420101;0000410600;2017;08; 0; 0; 0; -100949628;CLP
MUSE;MUSE;0000420102;0000410600;2017;08; 0; 0; 0; 29000;CLP
MUSE;MUSE;0000420120;0000410600;2017;08; 0; 0; 0; -60807469;CLP
MUSE;MUSE;0000420121;0000410600;2017;08; 0; 0; 0; -1410046629;CLP
MUSE;MUSE;0000420122;0000410600;2017;08; 32758245; -22122449; 10635796; -5310753837;CLP
MUSE;MUSE;0000420140;0000410600;2017;08; 0; 0; 0; -32666959;CLP
MUSE;MUSE;0000420141;0000410600;2017;08; 0; 0; 0; -458509351;CLP
MUSE;MUSE;0000420200;0000440500;2017;08; 0; 0; 0; -505709850;CLP
MUSE;MUSE;0000420300;0000440100;2017;08; 0; 0; 0; -60803519;CLP
MUSE;MUSE;0000420400;0000440600;2017;08; 0; 0; 0; -34386420;CLP
MUSE;MUSE;0000420401;0000440600;2017;08; 0; 0; 0; -1722020;CLP
MUSE;MUSE;0000420500;0000440600;2017;08; 0; 0; 0; -443399;CLP
MUSE;MUSE;0000420601;0000410600;2017;08; 0; 0; 0; -6667514198;CLP
MUSE;MUSE;0000420602;0000440600;2017;08; 0; 0; 0; -67426343;CLP
MUSE;MUSE;0000420603;0000440600;2017;08; 0; 0; 0; -296145607;CLP
MUSE;MUSE;0000420607;0000440600;2017;08; 0; 0; 0; -102547797;CLP
MUSE;MUSE;0000420650;0000421600;2017;08; 0; 0; 0; -2990290012;CLP
MUSE;MUSE;0000510000;0000420100;2017;08; 0; 0; 0; 17828077134;CLP
MUSE;MUSE;0000510001;0000420100;2017;08; 0; 0; 0; 3866596896;CLP
MUSE;MUSE;0000510002;0000420100;2017;08; 0; 0; 0; -140916391;CLP
MUSE;MUSE;0000510100;0000420200;2017;08; 0; 0; 0; 1946635156;CLP
MUSE;MUSE;0000510200;0000420300;2017;08; 0; 0; 0; 7489390879;CLP
MUSE;MUSE;0000510201;0000420300;2017;08; 0; 0; 0; 703564408;CLP
MUSE;MUSE;0000510600;0000421500;2017;08; 0; 0; 0; -6291253;CLP
MUSE;MUSE;0000510601;0000421500;2017;08; 0; 0; 0; 5485013045;CLP
MUSE;MUSE;0000510602;0000421500;2017;08; 0; 0; 0; 2493517815;CLP
MUSE;MUSE;0000510604;0000421500;2017;08; 0; 0; 0; 3413368155;CLP
MUSE;MUSE;0000510605;0000421500;2017;08; 0; 0; 0; 594080;CLP
MUSE;MUSE;0000510606;0000421500;2017;08; 0; 0; 0; 3258327575;CLP
MUSE;MUSE;0000510607;0000421500;2017;08; 0; 0; 0; 300404978;CLP
MUSE;MUSE;0000510608;0000421500;2017;08; 0; 0; 0; 1767627432;CLP
MUSE;MUSE;0000510609;0000421500;2017;08; 0; 0; 0; 308096254;CLP
MUSE;MUSE;0000510610;0000421500;2017;08; 0; 0; 0; 301294;CLP
MUSE;MUSE;0000510700;0000421500;2017;08; 0; 0; 0; 3161176328;CLP
MUSE;MUSE;0000510701;0000421500;2017;08; 0; 0; 0; 3245342205;CLP
MUSE;MUSE;0000510702;0000421500;2017;08; 0; 0; 0; 1095940148;CLP
MUSE;MUSE;0000510703;0000421500;2017;08; 0; 0; 0; 1024921312;CLP
MUSE;MUSE;0000510704;0000421500;2017;08; 0; 0; 0; 86580816;CLP
MUSE;MUSE;0000510705;0000421500;2017;08; 0; 0; 0; 70803135;CLP
MUSE;MUSE;0000510707;0000421500;2017;08; 0; 0; 0; 6321579;CLP
MUSE;MUSE;0000510708;0000421500;2017;08; 0; 0; 0; 17481956;CLP
MUSE;MUSE;0000510800;0000421500;2017;08; 0; 0; 0; 14588907;CLP
MUSE;MUSE;0000510801;0000421500;2017;08; 0; 0; 0; 199999682;CLP
MUSE;MUSE;0000510802;0000421500;2017;08; 0; 0; 0; 882841381;CLP
MUSE;MUSE;0000510803;0000421500;2017;08; 0; 0; 0; 138861097;CLP
MUSE;MUSE;0000510804;0000421500;2017;08; 0; 0; 0; 101506728;CLP
MUSE;MUSE;0000510805;0000421500;2017;08; 0; 0; 0; 275661339;CLP
MUSE;MUSE;0000510806;0000421500;2017;08; 0; 0; 0; 74374711;CLP
MUSE;MUSE;0000510810;0000421500;2017;08; 0; 0; 0; 927659142;CLP
MUSE;MUSE;0000511000;0000421500;2017;08; 0; 0; 0; 1429752758;CLP
MUSE;MUSE;0000511001;0000421500;2017;08; 0; 0; 0; 255148682;CLP
MUSE;MUSE;0000511100;0000421500;2017;08; 0; 0; 0; 1484874;CLP
MUSE;MUSE;0000511101;0000421500;2017;08; 0; 0; 0; 639039990;CLP
MUSE;MUSE;0000511102;0000421500;2017;08; 0; 0; 0; 65896457;CLP
MUSE;MUSE;0000511200;0000421500;2017;08; 0; 0; 0; 224941939;CLP
MUSE;MUSE;0000511201;0000421500;2017;08; 0; 0; 0; 71554955;CLP
MUSE;MUSE;0000511202;0000421500;2017;08; 0; 0; 0; 273600732;CLP
MUSE;MUSE;0000511203;0000421500;2017;08; 0; 0; 0; 581600628;CLP
MUSE;MUSE;0000511204;0000421500;2017;08; 0; 0; 0; 281321431;CLP
MUSE;MUSE;0000511205;0000421500;2017;08; 0; 0; 0; 425785677;CLP
MUSE;MUSE;0000511206;0000421500;2017;08; 0; 0; 0; 109110509;CLP
MUSE;MUSE;0000511210;0000421500;2017;08; 0; 0; 0; 584383218;CLP
MUSE;MUSE;0000511211;0000421500;2017;08; 0; 0; 0; 255584195;CLP
MUSE;MUSE;0000511212;0000421500;2017;08; 0; 0; 0; 5256689;CLP
MUSE;MUSE;0000511213;0000421500;2017;08; 0; 0; 0; 60581187;CLP
MUSE;MUSE;0000511300;0000421500;2017;08; 0; 0; 0; 170555373;CLP
MUSE;MUSE;0000511302;0000421500;2017;08; 0; 0; 0; 226117202;CLP
MUSE;MUSE;0000511304;0000421500;2017;08; 0; 0; 0; 58399755;CLP
MUSE;MUSE;0000511305;0000421500;2017;08; 0; 0; 0; 90234568;CLP
MUSE;MUSE;0000511306;0000421500;2017;08; 0; 0; 0; 42485672;CLP
MUSE;MUSE;0000511307;0000421500;2017;08; 0; 0; 0; 1319325;CLP
MUSE;MUSE;0000511310;0000421500;2017;08; 0; 0; 0; 151972629;CLP
MUSE;MUSE;0000511311;0000421500;2017;08; 63600; 0; 63600; 329755288;CLP
MUSE;MUSE;0000511312;0000421500;2017;08; 0; 0; 0; 180789048;CLP
MUSE;MUSE;0000511320;0000421500;2017;08; 0; 0; 0; 17668905;CLP
MUSE;MUSE;0000511321;0000421500;2017;08; 0; 0; 0; 188278709;CLP
MUSE;MUSE;0000511400;0000421500;2017;08; 0; 0; 0; 36522196;CLP
MUSE;MUSE;0000511401;0000421500;2017;08; 0; 0; 0; 222542340;CLP
MUSE;MUSE;0000511402;0000421500;2017;08; 0; 0; 0; 2689936;CLP
MUSE;MUSE;0000511403;0000421500;2017;08; 0; 0; 0; 35183724;CLP
MUSE;MUSE;0000511404;0000421500;2017;08; 0; 0; 0; 95912583;CLP
MUSE;MUSE;0000511405;0000421500;2017;08; 0; 0; 0; -5115602;CLP
MUSE;MUSE;0000511406;0000421500;2017;08; 0; 0; 0; -172463441;CLP
MUSE;MUSE;0000511500;0000421500;2017;08; 0; 0; 0; 19288282846;CLP
MUSE;MUSE;0000511501;0000421500;2017;08; 0; 0; 0; 1092490169;CLP
MUSE;MUSE;0000511502;0000421500;2017;08; 0; 0; 0; 5028428456;CLP
MUSE;MUSE;0000511503;0000421500;2017;08; 0; 0; 0; 3240956360;CLP
MUSE;MUSE;0000511504;0000421500;2017;08; 0; 0; 0; 1468343390;CLP
MUSE;MUSE;0000511505;0000421500;2017;08; 0; 0; 0; 2478841573;CLP
MUSE;MUSE;0000511506;0000421500;2017;08; 0; 0; 0; 1922925983;CLP
MUSE;MUSE;0000511507;0000421500;2017;08; 0; 0; 0; 1044332915;CLP
MUSE;MUSE;0000511508;0000421500;2017;08; 0; 0; 0; 1746710195;CLP
MUSE;MUSE;0000511509;0000421500;2017;08; 0; 0; 0; 3118162772;CLP
MUSE;MUSE;0000511510;0000421500;2017;08; 0; 0; 0; -47430784;CLP
MUSE;MUSE;0000511511;0000421500;2017;08; 0; 0; 0; 1585846128;CLP
MUSE;MUSE;0000511512;0000421500;2017;08; 0; 0; 0; 32148280;CLP
MUSE;MUSE;0000511515;0000421500;2017;08; 0; 0; 0; 2348442229;CLP
MUSE;MUSE;0000511516;0000421500;2017;08; 0; 0; 0; -3071897406;CLP
MUSE;MUSE;0000511517;0000421500;2017;08; 0; 0; 0; 936209604;CLP
MUSE;MUSE;0000511518;0000421500;2017;08; 0; 0; 0; 458333305;CLP
MUSE;MUSE;0000511522;0000421500;2017;08; 0; 0; 0; 74796000;CLP
MUSE;MUSE;0000511600;0000421500;2017;08; 0; 0; 0; 218111860;CLP
MUSE;MUSE;0000511601;0000421500;2017;08; 0; 0; 0; 1746267804;CLP
MUSE;MUSE;0000511602;0000421500;2017;08; 0; 0; 0; 959216702;CLP
MUSE;MUSE;0000511603;0000421500;2017;08; 0; 0; 0; 94844814;CLP
MUSE;MUSE;0000511604;0000421500;2017;08; 0; 0; 0; 713182018;CLP
MUSE;MUSE;0000511605;0000421500;2017;08; 0; 0; 0; 18375449;CLP
MUSE;MUSE;0000511606;0000421500;2017;08; 0; 0; 0; 194031865;CLP
MUSE;MUSE;0000511607;0000421500;2017;08; 0; 0; 0; 5970497524;CLP
MUSE;MUSE;0000511608;0000421500;2017;08; 0; 0; 0; 440094464;CLP
MUSE;MUSE;0000511700;0000421500;2017;08; 0; 0; 0; 1744761046;CLP
MUSE;MUSE;0000511702;0000421500;2017;08; 0; 0; 0; 598879937;CLP
MUSE;MUSE;0000511703;0000421500;2017;08; 0; 0; 0; 233499891;CLP
MUSE;MUSE;0000511900;0000421500;2017;08; 0; 0; 0; 3480128563;CLP
MUSE;MUSE;0000511901;0000421500;2017;08; 0; 0; 0; 638071905;CLP
MUSE;MUSE;0000512000;0000421500;2017;08; 0; 0; 0; 309246024;CLP
MUSE;MUSE;0000512001;0000421500;2017;08; 0; 0; 0; 238281558;CLP
MUSE;MUSE;0000512004;0000421500;2017;08; 0; 0; 0; 31193770;CLP
MUSE;MUSE;0000512005;0000421500;2017;08; 4889650; 0; 4889650; 6331274;CLP
MUSE;MUSE;0000512050;0000421500;2017;08; 0; 0; 0; 26436130;CLP
MUSE;MUSE;0000512100;0000421500;2017;08; 0; 0; 0; 235621656;CLP
MUSE;MUSE;0000512101;0000421500;2017;08; 0; 0; 0; 104694943;CLP
MUSE;MUSE;0000512102;0000421500;2017;08; 0; 0; 0; 151209200;CLP
MUSE;MUSE;0000512103;0000421500;2017;08; 0; 0; 0; 617618415;CLP
MUSE;MUSE;0000512104;0000421500;2017;08; 0; 0; 0; 288503664;CLP
MUSE;MUSE;0000512105;0000421500;2017;08; 0; 0; 0; 132550731;CLP
MUSE;MUSE;0000512106;0000421500;2017;08; 0; 0; 0; 22417981;CLP
MUSE;MUSE;0000512200;0000421500;2017;08; 200000; 0; 200000; 689092502;CLP
MUSE;MUSE;0000512201;0000421500;2017;08; 0; 0; 0; 1508163691;CLP
MUSE;MUSE;0000512202;0000421500;2017;08; 0; 0; 0; 265655789;CLP
MUSE;MUSE;0000512203;0000421500;2017;08; 0; 0; 0; 567093516;CLP
MUSE;MUSE;0000512204;0000421500;2017;08; 0; 0; 0; 4596183;CLP
MUSE;MUSE;0000512205;0000421500;2017;08; 0; 0; 0; 128286301;CLP
MUSE;MUSE;0000512206;0000421500;2017;08; 0; 0; 0; 85486802;CLP
MUSE;MUSE;0000512208;0000421500;2017;08; 0; 0; 0; 23463708;CLP
MUSE;MUSE;0000512300;0000421500;2017;08; 7710; 0; 7710; 465886376;CLP
MUSE;MUSE;0000512301;0000421500;2017;08; 0; 0; 0; 1287353228;CLP
MUSE;MUSE;0000512302;0000421500;2017;08; 0; 0; 0; 37681752;CLP
MUSE;MUSE;0000512303;0000421500;2017;08; 0; 0; 0; 7858811;CLP
MUSE;MUSE;0000512304;0000421500;2017;08; 0; 0; 0; 189681334;CLP
MUSE;MUSE;0000512305;0000421500;2017;08; 0; 0; 0; 237631261;CLP
MUSE;MUSE;0000512306;0000421500;2017;08; 0; 0; 0; 29967341;CLP
MUSE;MUSE;0000512307;0000421500;2017;08; 0; 0; 0; 416050490;CLP
MUSE;MUSE;0000512308;0000421500;2017;08; 0; 0; 0; 2396104;CLP
MUSE;MUSE;0000512309;0000421500;2017;08; 0; 0; 0; 96116257;CLP
MUSE;MUSE;0000512310;0000421500;2017;08; 0; 0; 0; 17161380;CLP
MUSE;MUSE;0000512311;0000421500;2017;08; 0; 0; 0; 134720901;CLP
MUSE;MUSE;0000512312;0000421500;2017;08; 0; 0; 0; 37734791;CLP
MUSE;MUSE;0000512313;0000421500;2017;08; 0; 0; 0; 9311812;CLP
MUSE;MUSE;0000512314;0000421500;2017;08; 0; 0; 0; -1380400;CLP
MUSE;MUSE;0000512315;0000421500;2017;08; 0; 0; 0; 44431669;CLP
MUSE;MUSE;0000512316;0000421500;2017;08; 0; 0; 0; 176729029;CLP
MUSE;MUSE;0000512318;0000421500;2017;08; 0; 0; 0; 43568273;CLP
MUSE;MUSE;0000512400;0000420700;2017;08; 0; 0; 0; 10858583098;CLP
MUSE;MUSE;0000512401;0000420700;2017;08; 0; 0; 0; -9528417845;CLP
MUSE;MUSE;0000512402;0000420700;2017;08; 0; 0; 0; 161942385;CLP
MUSE;MUSE;0000512403;0000420700;2017;08; 0; 0; 0; -507963939;CLP
MUSE;MUSE;0000512404;0000420700;2017;08; 0; 0; 0; -6530673128;CLP
MUSE;MUSE;0000512405;0000420700;2017;08; 0; 0; 0; 7093737157;CLP
MUSE;MUSE;0000512416;0000420800;2017;08; 0; 0; 0; 43431944;CLP
MUSE;MUSE;0000512417;0000420900;2017;08; 0; 0; 0; 287558582;CLP
MUSE;MUSE;0000512418;0000421000;2017;08; 0; 0; 0; -160015630;CLP
MUSE;MUSE;0000512419;0000421100;2017;08; 0; 0; 0; -29549897;CLP
MUSE;MUSE;0000512502;0000421400;2017;08; 0; 0; 0; 66505;CLP
MUSE;MUSE;0000512503;0000421400;2017;08; 0; 0; 0; -921275;CLP
MUSE;MUSE;0000512504;0000421400;2017;08; 0; 0; 0; 39092;CLP
MUSE;MUSE;0000512506;0000421400;2017;08; 0; 0; 0; 229001;CLP
MUSE;MUSE;0000512800;0000421500;2017;08; 179025; 0; 179025; 81979491;CLP
MUSE;MUSE;0000512801;0000421500;2017;08; 36404; 0; 36404; 173862000;CLP
MUSE;MUSE;0000512802;0000421500;2017;08; 0; 0; 0; 181793733;CLP
MUSE;MUSE;0000520213;0000440400;2017;08; 0; 0; 0; 577671435;CLP
MUSE;MUSE;0000520500;0000421600;2017;08; 0; 0; 0; 1641346085;CLP
MUSE;MUSE;0000520600;0000421500;2017;08; 0; 0; 0; 371430626;CLP
MUSE;MUSE;0000520601;0000421700;2017;08; 0; 0; 0; 798302259;CLP
MUSE;MUSE;0000520602;0000421700;2017;08; 0; 0; 0; -176872375;CLP
MUSE;MUSE;0000520700;0000421700;2017;08; 0; 0; 0; 24227686;CLP
MUSE;MUSE;0000520701;0000421700;2017;08; 0; 0; 0; 0;CLP
MUSE;MUSE;0000520702;0000421500;2017;08; 0; 0; 0; 768532;CLP
MUSE;MUSE;0000530000;0000440500;2017;08; 0; 0; 0; 128234979;CLP
MUSE;MUSE;0000530202;0000440400;2017;08; 0; 0; 0; -25079443;CLP
MUSE;MUSE;0000530204;0000440400;2017;08; 0; 0; 0; 12412828;CLP
MUSE;MUSE;0000530214;0000440900;2017;08; 0; 0; 0; 269470060;CLP
MUSE;MUSE;0000530300;0000440700;2017;08; 0; 0; 0; 12434276;CLP
MUSE;MUSE;0000530400;0000440700;2017;08; 0; 0; 0; 185133602;CLP
MUSE;MUSE;0000530402;0000440800;2017;08; 0; 0; 0; 73302102;CLP
MUSE;MUSE;0000530403;0000440700;2017;08; 0; 0; 0; 26608435;CLP
MUSE;MUSE;0000530500;0000440700;2017;08; 0; 0; 0; 11256984;CLP
MUSE;MUSE;0000530600;0000440700;2017;08; 0; 0; 0; 504768532;CLP
MUSE;MUSE;0000530700;0000440700;2017;08; 0; 0; 0; 56906137;CLP
MUSE;MUSE;0000530750;0000421600;2017;08; 0; 0; 0; 3790009382;CLP
MUSE;MUSE;0000530800;0000440700;2017;08; 0; 0; 0; -4158;CLP
MUSE;MUSE;0000530801;0000440700;2017;08; 0; 0; 0; 0;CLP
MUSE;MUSE;0000530803;0000440700;2017;08; 0; 0; 0; -41625351;CLP
MUSE;MUSE;0000530806;0000420700;2017;08; 0; 0; 0; 2442647575;CLP
MUSE;MUSE;0000700201;0000110500;2017;08; 0; 0; 0; -52774;CLP
MUSE;MUSE;0000700202;0000110500;2017;08; 0; 0; 0; -1155424;CLP
MUSE;MUSE;0000700203;0000110500;2017;08; 0; 0; 0; -830;CLP
MUSE;MUSE;0000700300;0000110500;2017;08; 0; 0; 0; 134292325;CLP
MUSE;MUSE;0000700306;0000110500;2017;08; 0; 0; 0; -9374;CLP
MUSE;MUSE;0000700308;0000110500;2017;08; 0; 0; 0; -6821;CLP
MUSE;MUSE;0000700400;0000110500;2017;08; 0; 0; 0; -135474533;CLP
MUSE;MUSE;0000700401;0000110500;2017;08; 0; 0; 0; 0;CLP
MUSE;MUSE;0000700402;0000110500;2017;08; 0; 0; 0; 0;CLP
MUSE;MUSE;0000700403;0000110500;2017;08; 0; 0; 0; 0;CLP
MUSE;MUSE;0000700411;0000110500;2017;08; 0; 0; 0; -3124553;CLP
MUSE;MUSE;0000700412;0000110500;2017;08; 0; 0; 0; -3572501;CLP
MUSE;MUSE;0000700413;0000110500;2017;08; 0; 0; 0; -999112;CLP
MUSE;MUSE;0000700430;0000110500;2017;08; 0; 0; 0; 5770016;CLP
MUSE;MUSE;0000700440;0000110500;2017;08; 0; 0; 0; 4333581;CLP
MUSE;MUSE;0000900000;0000110100;2017;08; 0; 0; 0; 0;CLP
MUSE;MUSE;0000900001;0000210200;2017;08; 0; 0; 0; 0;CLP
MUSE;MUSE;0000900004;0000110100;2017;08; 0; 0; 0; 1467138;CLP
MUSE;MUSE;0000900005;0000110500;2017;08; 0; 0; 0; -4051561;CLP
MUSE;MUSE;0000900008;0000111400;2017;08; 0; 0; 0; 0;CLP
MUSE;MUSE;0000900009;0000110100;2017;08; 0; 0; 0; -447661253;CLP
MUSE;MUSE;0000900010;0000110100;2017;08; 0; 0; 0; 15183613;CLP
MUSE;MUSE;0000900012;0000110200;2017;08; 0; 0; 0; 3397744095;CLP
MUSE;MUSE;0000900014;0000110500;2017;08; 0; 0; 0; 0;CLP
MUSE;MUSE;0000900015;0000110500;2017;08; 0; 0; 0; -82057116;CLP
MUSE;MUSE;0000900019;0000110500;2017;08; 0; 0; 0; -2608348;CLP
MUSE;MUSE;0000900020;0000211200;2017;08; 0; 0; 0; -25542;CLP
MUSE;MUSE;0000900023;0000210200;2017;08; 0; 0; 0; 0;CLP
MUSE;MUSE;0000900024;0000110500;2017;08; 0; 0; 0; 29273492;CLP
MUSE;MUSE;0000900025;0000110500;2017;08; 0; 0; 0; -1611105;CLP
MUSE;MUSE;0000900026;0000111400;2017;08; 0; 0; 0; 188278;CLP
MUSE;MUSE;0000900027;0000110100;2017;08; 0; 0; 0; 29622243;CLP
MUSE;MUSE;0000900028;0000110500;2017;08; 0; 0; 0; -851247657;CLP
MUSE;MUSE;0000900029;0000110500;2017;08; 0; 0; 0; -12747190;CLP
MUSE;MUSE;0000900030;0000110800;2017;08; 0; 0; 0; 0;CLP
MUSE;MUSE;0000900031;0000111300;2017;08; 0; 0; 0; 1133296556;CLP
MUSE;MUSE;0000900035;0000110200;2017;08; 0; 0; 0; 0;CLP
MUSE;MUSE;0000900036;0000211200;2017;08; 0; 0; 0; 0;CLP
MUSE;MUSE;0000900040;0000210300;2017;08; 0; 0; 0; -28698516;CLP
MUSE;MUSE;0000900041;0000210300;2017;08; 0; 0; 0; -1244272;CLP
MUSE;MUSE;0000900042;0000210300;2017;08; 0; 0; 0; -5500978;CLP
MUSE;MUSE;0000900050;0000211200;2017;08; 0; 0; 0; 169282442;CLP
MUSE;MUSE;0000900053;0000110100;2017;08; 0; 0; 0; 17;CLP
MUSE;MUSE;0000900060;0000110100;2017;08; 0; 0; 0; -3528013;CLP
MUSE;MUSE;0000900063;0000110100;2017;08; 0; 0; 0; -14827990;CLP
MUSE;MUSE;0000900064;0000110100;2017;08; 0; 0; 0; 0;CLP
MUSE;MUSE;0000900065;0000110500;2017;08; 0; 0; 0; 9218171;CLP
MUSE;MUSE;0000900070;0000210300;2017;08; 0; 0; 0; 6652981;CLP
MUSE;MUSE;0000999004;;2017;08; 0; 0; 0; 0;CLP
MUSE;MUSE;0000999990;0000121101;2017;08; 0; 0; 0; 0;CLP
MUSE;MUSE;0000999997;;2017;08; 0; 0; 0; 81830327308;CLP
MUSE;MUSE;0000999998;;2017;08; 0; 0; 0; -1648925936;CLP
MUSE;MUSE;0000999999;;2017;08; 0; 0; 0; -80181401372;CLP
